%YAML:1.0
rotation: !!opencv-matrix
   rows: 3
   cols: 3
   dt: d
   data: [ 9.9994922352170035e-01, -1.0066419327325736e-02,
       -4.6645500841967859e-04, 1.0066209940852888e-02,
       9.9994923358223209e-01, -4.4908321422105932e-04,
       4.7095198811706647e-04, 4.4436497731426000e-04,
       9.9999979037197395e-01 ]
translation: !!opencv-matrix
   rows: 3
   cols: 1
   dt: d
   data: [ -5.3841963576298370e-02, 2.3131513380079355e-04,
       5.3620129756639095e-04 ]
essential: !!opencv-matrix
   rows: 3
   cols: 3
   dt: d
   data: [ -5.2885765097159731e-06, -5.3607128820312711e-04,
       2.3155588431283928e-04, 5.6153105094322521e-04,
       1.8527855817977582e-05, 5.3841702175733058e-02,
       -7.7328789741969552e-04, -5.3836901697548414e-02,
       2.4287420165501922e-05 ]
fundamental: !!opencv-matrix
   rows: 3
   cols: 3
   dt: d
   data: [ -3.0475408840740736e-09, -3.0863037233415249e-07,
       1.1531273861132882e-04, 3.2323855452511561e-07,
       1.0655649058997551e-08, 1.1184735601376233e-02,
       -6.4478598678794437e-04, -3.2599593412807014e-02, 1. ]
