%YAML:1.0
depthShift: -1.9382440847275106e+01
