%YAML:1.0
cameraMatrix: !!opencv-matrix
   rows: 3
   cols: 3
   dt: d
   data: [ 1.0609391076493437e+03, 0., 9.4068126231292456e+02, 0.,
       1.0620667868561161e+03, 5.4105830566054294e+02, 0., 0., 1. ]
distortionCoefficients: !!opencv-matrix
   rows: 1
   cols: 5
   dt: d
   data: [ 4.1148879925893542e-02, -4.9310505993916620e-02,
       6.9608531818363497e-04, -4.3862492305718384e-04,
       8.6152075114899040e-03 ]
rotation: !!opencv-matrix
   rows: 3
   cols: 3
   dt: d
   data: [ 1., 0., 0., 0., 1., 0., 0., 0., 1. ]
projection: !!opencv-matrix
   rows: 4
   cols: 4
   dt: d
   data: [ 1.0609391076493437e+03, 0., 9.4068126231292456e+02, 0., 0.,
       1.0620667868561161e+03, 5.4105830566054294e+02, 0., 0., 0., 1.,
       0., 0., 0., 0., 1. ]
